Node X Y; 
1	1211.1	2653.3	;
2	753.73	1851.1	;
3	981.15	1868.5	;
4	1248.3	1915.1	;
5	805.3	2069.8	;
6	1324.8	1575.2	;
7	1595.1	1401.8	;
8	1582	1952.4	;
9	1752.9	1807.6	;
10	1052	853.15	;
11	1253.9	1243.4	;
12	1997.7	738.81	;
13	1564.6	1091.8	;
14	1846.1	1022.8	;
15	1900.2	1448.4	;
16	1375.1	3471.6	;
17	1777.8	3290.2	;
18	1193.7	3886.1	;
19	1729.9	3859.3	;
20	2068.6	3556.7	;
21	2867.6	2578.1	;
22	3249.2	3139.2	;
23	3343.6	2535.8	;
24	1566.5	2340.1	;
25	1640.4	2627.2	;
26	1563.4	2790	;
27	1964.2	2059.2	;
28	2245	2338.2	;
29	3092	1851.1	;
30	3273.4	1935	;
31	3405.7	1193.7	;
32	3663	1102.3	;
33	4032.1	707.74	;
34	2779.4	649.96	;
35	2726	1061.9	;
36	3600.2	306.96	;
37	367.85	1652.2	;
38	380.9	2127.6	;
39	241.71	1898.3	;
40	920.25	2278	;
41	1221	2351.9	;
42	945.73	2657	;
43	1112.3	2136.9	;
44	1339.7	2064.2	;
45	372.82	1465.8	;
46	421.29	790.39	;
47	328.71	1073.1	;
48	957.54	1132.8	;
49	1551.6	785.41	;
50	2026.9	1754.8	;
51	2197.2	1641.1	;
52	2019.5	3198.8	;
53	2316.5	3026.7	;
54	2529	2908	;
55	2547	3522.6	;
56	2816.7	3301.3	;
57	3264.7	2180.4	;
58	3125.5	2410.9	;
59	1848.6	2731.5	;
60	1775.3	2214.6	;
61	1980.3	2735.3	;
62	2163	2668.2	;
63	1985.9	2328.9	;
64	2657	2364.3	;
65	2528.4	2524.6	;
66	2357.5	2635.9	;
67	2244.4	1963.5	;
68	2508.5	1657.8	;
69	2680	1551.6	;
70	3494	1566.5	;
71	3899.7	1035.8	;
72	4165.7	994.82	;
73	3556.1	812.13	;
74	3797.8	817.11	;
75	2366.2	1052	;
76	2443.9	1369.5	;
77	3779.8	280.24	;
78	23.612	2418.4	;
79	628.83	2196.5	;
80	196.35	2724.1	;
81	928.95	1522.4	;
82	2065.4	1298.7	;
83	2438.9	3302	;
84	2823.5	2780.6	;
85	2977	3032.9	;
86	1847.3	2463.1	;
87	2637.7	2076	;
88	2941.6	1656.6	;
89	3214.4	1542.3	;
90	3842.6	1422.9	;
91	3140.4	927.09	;
92	2964	1234.1	;
93	2957.1	859.98	;
94	1391.9	3190.1	;
95	4145.8	1416.7	;
96	444.28	2600.4	;
97	3628.2	2671.9	;
98	3740	1888.3	;
99	933.92	2793.1	;
100	933.3	2794.3	;
101	0	2060.5	;
102	26.719	2720.4	;
103	2072.9	537.49	;
104	1958.6	579.74	;
105	1331	712.09	;
106	3665.5	1253.9	;
107	3978.7	1226	;
108	3782.3	1253.3	;
109	3671.1	1269.5	;
110	2748.3	3046.6	;
111	2730.9	3056.5	;
112	3922.1	1217.9	;
113	2740.9	3036	;
114	2724.1	3047.2	;
115	2735.3	2497.9	;
116	2985.1	3347.3	;
117	2970.2	3356.7	;
118	2947.8	3339.9	;
119	2747.1	2517.8	;
120	2766.3	3073.3	;
121	2845.3	3190.8	;
122	2829.1	3200.7	;
123	2963.3	3330.6	;
124	2934.1	2289.1	;
125	2972.6	2233.8	;
126	2989.4	2247.5	;
127	2906.8	2368.1	;
128	3057.8	3423.8	;
129	2886.9	3285.8	;
130	2854.6	2406	;
131	2869.5	2421.5	;
132	1948.6	1938.1	;
133	1694.5	4058.8	;
134	1685.2	4124.1	;
135	1770.3	2028.8	;
136	1682.1	3974.3	;
137	1674.6	4060.1	;
138	1682.7	3902.2	;
139	1934.3	1913.8	;
140	1705.7	3946.3	;
141	1702.6	3983	;
142	1784	2049.3	;
143	1701.9	3900.4	;
144	2396	2575.6	;
145	2330.8	2478.7	;
146	2347.6	2466.8	;
147	3362.9	1521.1	;
148	3316.3	1624.9	;
149	2119.5	2131.3	;
150	2102.7	2139.4	;
151	3198.8	1890.8	;
152	3178.9	1882.1	;
153	2298.5	2396	;
154	3128.6	1995.8	;
155	3131.7	2036.9	;
156	3113.1	2026.9	;
157	2491.1	2675.6	;
158	2251.2	2361.8	;
159	3259.7	1753.5	;
160	3228.7	1823.7	;
161	3239.2	1744.8	;
162	3128	2043.1	;
163	3343.6	1502.5	;
164	2174.8	2244.4	;
165	3137.9	2026.9	;
166	3118.7	2017	;
167	2187.2	2233.8	;
168	2473.1	2686.8	;
169	3419.4	1306.1	;
170	3415.1	1330.4	;
171	3418.8	1291.2	;
172	3344.2	1070.6	;
173	3364.1	1065.7	;
174	1968.5	1925.6	;
175	3381.5	1465.2	;
176	3392.7	1483.8	;
177	1953.6	1903.3	;
178	2564.4	2650.2	;
179	2553.8	2657.6	;
180	2694.3	2557.6	;
181	2683.1	2565.7	;
182	3358.5	1462.7	;
183	2675	2544.5	;
184	2550.7	2634.6	;
185	3397	1309.2	;
186	3398.9	1293.7	;
187	3313.8	950.08	;
188	3333.7	944.49	;
189	2502.9	2692.4	;
190	4227.8	1191.2	;
191	4226	1175	;
192	2110.2	2903	;
193	2104	2885	;
194	3033.5	2184.1	;
195	3056.5	2112.7	;
196	4271.3	1184.3	;
197	2484.3	2703.6	;
198	3073.9	2125.1	;
199	4112.2	1190.6	;
200	2000.8	2010.1	;
201	2117	2881.9	;
202	2123.2	2899.3	;
203	2032.5	2016.4	;
204	2304.7	2776.9	;
205	2315.2	2796.2	;
206	2205.3	2832.8	;
207	3256	712.09	;
208	3297	794.74	;
209	2654.5	2944.7	;
210	2565	2781.9	;
211	2598.6	2831	;
212	2214	2850.9	;
213	2613.5	2889.4	;
214	2371.8	2765.1	;
215	3277.1	807.16	;
216	3395.8	1191.8	;
217	3393.9	1184.3	;
218	2543.9	2793.1	;
219	2362.5	2746.5	;
220	2292.2	3494.6	;
221	2303.4	3488.4	;
222	1547.8	1416.7	;
223	1504.3	1351.5	;
224	2256.8	3295.8	;
225	2266.2	3333.7	;
226	2354.4	3737.6	;
227	2348.8	3713.9	;
228	2254.3	3341.7	;
229	1485.7	1289.3	;
230	1593.2	1471.4	;
231	1516.8	1337.8	;
232	1552.2	1390.6	;
233	2271.7	3412	;
234	2257.4	3356	;
235	1613.7	1491.9	;
236	2363.7	3731.3	;
237	2358.7	3707.7	;
238	2269.9	3348	;
239	1467.7	1290	;
240	1487.6	1324.1	;
241	1605.6	1459.6	;
242	2325.8	3580.4	;
243	1626.1	1481.3	;
244	1655.3	1501.2	;
245	2246.3	3308.2	;
246	1682.7	1536.7	;
247	2214.6	3151	;
248	2251.8	3125.5	;
249	2162.4	3011.8	;
250	2194.1	3090.7	;
251	2219.5	3213.1	;
252	2202.1	3114.3	;
253	2169.8	3067.7	;
254	2149.3	3017.4	;
255	3210.6	1336.6	;
256	2847.8	1388.2	;
257	3087.6	1338.4	;
258	1377	1135.9	;
259	2840.3	1373.9	;
260	2839	1390	;
261	1372	1148.9	;
262	1366.4	1140.8	;
263	1817.5	2113.9	;
264	2059.8	2757	;
265	1822.5	2155.5	;
266	2184.8	2555.1	;
267	1836.2	2148.1	;
268	2017.6	2163	;
269	2035.6	2633.4	;
270	2021.9	2640.2	;
271	2090.3	2844.6	;
272	1883.4	2264.3	;
273	1897.7	2255	;
274	2302.2	3308.8	;
275	2310.9	3320.6	;
276	3185.8	2195.9	;
277	3144.8	2256.2	;
278	3198.2	2778.8	;
279	3441.2	2171.7	;
280	3549.9	2213.3	;
281	3666.1	2247.5	;
282	3669.2	2259.3	;
283	3554.3	2205.9	;
284	3193.2	2787.5	;
285	3101.3	2317.1	;
286	1680.2	3878	;
287	2555.7	3148.5	;
288	1771.5	2058	;
289	2561.9	3159.7	;
290	1700.1	3877.4	;
291	1759.7	2038.7	;
292	837.61	1194.3	;
293	788.52	895.4	;
294	219.97	2051.1	;
295	96.934	2109.6	;
296	170.26	2146.2	;
297	227.42	1987.1	;
298	597.14	1801.4	;
299	252.28	1771.5	;
300	458.57	2013.9	;
301	873.65	905.96	;
302	993.57	1214.8	;
303	567.31	2028.2	;
304	239.85	2182.9	;
305	577.26	1973.5	;
306	258.49	2193.4	;
307	2757.7	2638.3	;
308	2744.6	2648.3	;
309	2647.7	2720.4	;
310	1990.3	2499.2	;
311	1603.1	3159.1	;
312	1601.3	3110	;
313	1595.1	3011.2	;
314	1618.7	3009.3	;
315	1618.1	3044.1	;
316	666.73	1235.9	;
317	735.08	1350.9	;
318	653.68	1339.7	;
319	533.76	1304.9	;
320	531.27	1324.8	;
321	645.61	1401.8	;
322	919.63	1350.9	;
323	1919.4	2297.2	;
324	917.15	1372	;
325	656.17	1319.8	;
326	735.71	1328.5	;
327	452.98	1295.6	;
328	814	1362.1	;
329	817.11	1338.4	;
330	639.39	1448.4	;
331	663.01	1275.7	;
332	2304.1	3741.3	;
333	2136.3	3438.1	;
334	2035	3505.8	;
335	1959.8	3557.4	;
336	2097.1	3835.7	;
337	2102.1	3811.5	;
338	3934.5	810.89	;
339	3938.3	817.11	;
340	3730.7	1057	;
341	3574.8	1100.4	;
342	3894.8	868.06	;
343	4014.7	730.11	;
344	3796.6	1012.8	;
345	3727.6	1046.4	;
346	3793.5	1001.7	;
347	4025.9	705.88	;
348	4033.3	699.04	;
349	3822.7	954.43	;
350	3834.5	951.94	;
351	3826.4	964.99	;
352	3636.3	1071.9	;
353	2961.5	2520.3	;
354	3316.9	2111.4	;
355	2985.7	2908.7	;
356	3257.2	2087.2	;
357	3098.8	2829.7	;
358	3253.5	2096.5	;
359	3181.4	2775	;
360	2955.9	2530.2	;
361	2796.2	3004.3	;
362	3188.9	2768.8	;
363	2129.4	3426.3	;
364	1952.4	3545.6	;
365	1916.3	3487.1	;
366	1662.8	3467.9	;
367	2028.2	3494.6	;
368	1641.1	3470.4	;
369	2048	3265.9	;
370	1931.2	3346.7	;
371	1652.2	3592.2	;
372	1648.5	3540	;
373	1858.5	3394.6	;
374	796.6	1480.7	;
375	680.4	1112.9	;
376	674.81	1176.3	;
377	2258.7	588.44	;
378	786.66	1545.3	;
379	2330.8	700.29	;
380	973.07	1360.2	;
381	976.18	1338.4	;
382	755.59	1184.3	;
383	518.85	1385.7	;
384	512.63	1431.6	;
385	969.34	1377.6	;
386	985.5	3941.4	;
387	1543.5	3886.7	;
388	1493.8	3890.4	;
389	1670.3	3778	;
390	1326	3719.5	;
391	1660.9	3684.1	;
392	1395.6	3923.3	;
393	1345.9	3925.2	;
394	1544.1	3912.8	;
395	1209.8	3831.4	;
396	1445.9	3919.6	;
397	1237.8	3725.8	;
398	1241.5	3712.1	;
399	3488.4	231.77	;
400	3396.4	272.78	;
401	2862	1457.7	;
402	2849.6	1460.8	;
403	2840.3	1408	;
404	2892.5	1451.5	;
405	2061.1	3717.1	;
406	2691.8	3276.5	;
407	2737.8	3472.9	;
408	2771.3	3533.1	;
409	2866.4	3427.5	;
410	2752.7	3499.6	;
411	2588	3209.4	;
412	2642.7	3303.8	;
413	1720.6	2991.9	;
414	2441.4	3684.1	;
415	1693.2	2993.2	;
416	1718.7	2982	;
417	1779	2962.7	;
418	2461.3	3672.3	;
419	2429.6	3664.2	;
420	2510.3	3615.8	;
421	2527.7	3605.2	;
422	2054.3	2898.1	;
423	2002.1	2909.3	;
424	2009.5	2924.8	;
425	2522.2	3636.9	;
426	2622.2	3546.8	;
427	2633.4	3568.5	;
428	2449.5	3651.8	;
429	2846.5	2415.3	;
430	2862	2430.8	;
431	2115.1	824.56	;
432	2028.2	859.36	;
433	2006.4	710.23	;
434	1967.3	606.46	;
435	3469.1	748.13	;
436	3357.9	777.96	;
437	1992.1	716.44	;
438	2077.9	562.96	;
439	2120.1	661.76	;
440	2310.3	712.72	;
441	2174.8	797.22	;
442	2015.7	829.53	;
443	1978.5	740.06	;
444	1962.3	728.25	;
445	3469.8	905.96	;
446	3543.1	1021.5	;
447	1732.4	729.49	;
448	1807	676.05	;
449	2848.4	3398.3	;
450	2697.4	3399.5	;
451	1522.4	3682.3	;
452	1660.3	3668.6	;
453	2782.5	3553.6	;
454	1187.4	3913.4	;
455	1595.7	2972.6	;
456	1627.4	2435.8	;
457	1731.8	2833.5	;
458	1913.2	687.24	;
459	1893.3	636.29	;
460	1949.3	733.84	;
461	1935	740.68	;
462	1855.4	1038.9	;
463	1826.8	940.14	;
464	1766.6	956.29	;
465	1751	2000.8	;
466	1831.2	664.87	;
467	1869.7	922.74	;
468	1634.2	3039.8	;
469	1721.8	3175.8	;
470	1788.3	3131.1	;
471	1818.1	3175.8	;
472	1749.8	3219.9	;
473	1707.5	3016.8	;
474	1789.6	3283.3	;
475	1879	2956.5	;
476	4103.6	645.61	;
477	4108.5	654.31	;
478	3927.1	924.6	;
479	3717.1	289.56	;
480	3847.5	254.14	;
481	4033.9	983.63	;
482	3954.4	343	;
483	3699	294.53	;
484	3686.6	254.14	;
485	4001	408.24	;
486	3942.6	210.65	;
487	3956.9	308.82	;
488	3881.1	955.67	;
489	3886.7	38.525	;
490	3707.1	234.26	;
491	3979.9	889.81	;
492	4081.2	391.47	;
493	3658	305.09	;
494	3625.7	312.55	;
495	3947	0	;
496	3543.7	2201.5	;
497	3643.7	296.4	;
498	3677.9	142.92	;
499	3922.1	130.49	;
500	3608.9	176.47	;
501	3545.6	378.42	;
502	3553.6	415.7	;
503	3206.3	582.23	;
504	3710.2	981.77	;
505	3694.1	920.87	;
506	3623.8	666.73	;
507	3651.8	769.26	;
508	3670.5	835.75	;
509	3728.9	813.38	;
510	3653.7	994.82	;
511	4093	451.12	;
512	4248.3	788.52	;
513	4196.8	814.62	;
514	4169.4	764.91	;
515	4286.9	986.74	;
516	4227.2	872.41	;
517	4055.1	1633.6	;
518	3759.3	1587.6	;
519	3618.3	1626.1	;
520	3736.9	1511.2	;
521	3723.9	1463.3	;
522	3441.8	1674.6	;
523	3705.3	1397.5	;
524	4056.9	1023.4	;
525	4319.8	1049.5	;
526	4089.3	1081.8	;
527	4208.6	1065	;
528	4137.7	1075	;
529	2265.5	1498.8	;
530	2240.7	1509.3	;
531	2257.4	1483.8	;
532	2284.2	1472	;
533	2256.2	1280.7	;
534	2298.5	1448.4	;
535	2286.6	1413	;
536	2324.6	1440.3	;
537	2330.2	755.59	;
538	2353.8	784.79	;
539	2354.4	1468.3	;
540	2334.5	1493.2	;
541	2313.4	1498.8	;
542	2347.6	745.65	;
543	2350.7	1449.7	;
544	2291	1488.8	;
545	2767.6	2327.7	;
546	3025.5	1814.4	;
547	2433.3	2407.8	;
548	3088.2	1680.2	;
549	3133	1861.6	;
550	3190.1	1724.3	;
551	2596.7	2450.1	;
552	2378	1840.5	;
553	2363.1	1798.9	;
554	2555.7	2399.7	;
555	2637.7	2499.2	;
556	3146	1704.4	;
557	2376.8	1800.1	;
558	2269.9	1007.3	;
559	2263.7	993.57	;
560	2399.7	896.64	;
561	2407.2	915.28	;
562	797.84	819.59	;
563	789.77	884.21	;
564	1050.7	916.53	;
565	1271.3	1761.6	;
566	1129.7	799.09	;
567	734.46	691.59	;
568	1057	852.52	;
569	1162.6	1723.1	;
570	1172.5	863.71	;
571	2087.2	1139.6	;
572	2177.9	1098.6	;
573	2166.1	1130.9	;
574	2135.7	1130.3	;
575	2095.9	1153.3	;
576	2147.5	1123.4	;
577	2142.5	1109.2	;
578	2154.3	1119.7	;
579	1895.8	1250.8	;
580	1885.9	1257	;
581	1885.2	1193.7	;
582	1896.4	1260.8	;
583	2192.2	1800.7	;
584	2102.1	1844.9	;
585	2422.1	980.53	;
586	2130.1	1811.3	;
587	2091.5	1830.6	;
588	1828.7	1710.6	;
589	1879	1792	;
590	1920	1859.8	;
591	2059.2	1569.6	;
592	2995.6	1878.4	;
593	3012.4	1961.7	;
594	2969.5	1939.3	;
595	2964	1949.9	;
596	2907.4	1920.7	;
597	2717.9	953.19	;
598	3036.6	1986.5	;
599	2847.1	1875.9	;
600	2841.5	1886.5	;
601	2511	1441	;
602	2529	1563.4	;
603	2509.1	1426.1	;
604	2669.4	1416.7	;
605	2463.1	1191.8	;
606	3237.4	1096.7	;
607	3139.2	1119.1	;
608	2446.3	1099.8	;
609	2519.1	1792	;
610	2340.1	1530.4	;
611	3052.8	1077.5	;
612	2611.6	1693.9	;
613	2468.1	2285.4	;
614	2315.2	2164.2	;
615	2127.6	2128.2	;
616	2155.5	2116.4	;
617	2346.9	1965.4	;
618	2392.9	1915.1	;
619	2158.7	2131.9	;
620	2419	2187.2	;
621	2404.7	2205.3	;
622	2384.8	2180.4	;
623	2497.9	1805.1	;
624	3943.8	1615.6	;
625	2875.7	3171.5	;
626	3026.1	3291.4	;
627	3539.3	2209.6	;
628	3488.4	2189.7	;
629	3479.7	2186.6	;
630	3227.4	343.62	;
631	3120.5	388.98	;
632	2756.4	621.99	;
633	2602.3	789.77	;
634	2761.4	605.84	;
635	3167.1	367.85	;
636	2972	475.97	;
637	2593	779.2	;
638	2968.9	469.14	;
639	3256.6	3172.7	;
640	3040.4	3313.2	;
641	3396.4	3104.4	;
642	3348.6	3134.8	;
643	2684.3	2242.5	;
644	2727.8	2283.5	;
645	1743	1575.8	;
646	1563.4	1291.2	;
647	1649.7	1366.4	;
648	1825.6	1496.9	;
649	1647.3	1206.1	;
650	1646.6	1268.8	;
651	1798.3	1700.7	;
652	1747.3	1614.3	;
653	1761.6	1267	;
654	1567.7	1289.3	;
655	1701.3	1426.7	;
656	1714.4	1395	;
657	1730.5	1349	;
658	1862.9	1419.2	;
659	1811.3	1721.8	;
660	1872.8	1387.5	;
661	1885.9	1267	;
662	1882.1	1321	;
663	1769.1	1613.1	;
664	1757.9	1596.9	;
665	1807.6	1557.8	;
666	2045.6	1576.4	;
667	2052.4	1592	;
668	1816.9	1689.5	;
669	2085.9	1575.8	;
670	1775.3	1571.5	;
671	1862.3	1690.1	;
672	1850.4	1672.1	;
673	1792.7	1546.6	;
674	1881.5	1428.5	;
675	1895.2	1322.9	;
676	1616.8	2137.5	;
677	1523	2163.6	;
678	1820.6	1262	;
679	1422.9	1442.8	;
680	1529.8	2133.8	;
681	1519.3	2153.7	;
682	1610.6	2127.6	;
683	1543.5	2146.8	;
684	1617.4	1059.4	;
685	1477	1384.4	;
686	1503.1	1001.7	;
687	1516.8	2165.5	;
688	1733.6	958.78	;
689	1687.7	988.6	;
690	1875.9	1121	;
691	1896.4	1852.9	;
692	1864.1	1802	;
693	1562.8	907.2	;
694	1715	960.02	;
695	1908.9	1869.1	;
696	1642.9	811.51	;
697	1654.1	926.47	;
698	1590.7	867.44	;
699	1887.1	1821.2	;
700	1952.4	2675	;
701	1286.9	2455.7	;
702	1322.9	2520.3	;
703	1299.9	2534	;
704	1245.2	2522.2	;
705	1227.2	2494.2	;
706	1337.8	2202.1	;
707	1329.7	1551.6	;
708	1413.6	2182.9	;
709	2668.2	1820	;
710	2773.2	1069.4	;
711	2807.4	1159.5	;
712	2721.6	961.26	;
713	2622.2	1214.2	;
714	2472.4	1238.4	;
715	2654.5	1259.5	;
716	2957.1	1026.5	;
717	2624.7	1217.3	;
718	1734.9	1594.4	;
719	1266.4	1971	;
720	997.3	920.87	;
721	1189.3	2167.3	;
722	282.1	2207.1	;
723	1381.9	1894.6	;
724	1252.7	2035.6	;
725	1248.3	1876.6	;
726	1503.7	2168.6	;
727	1233.4	1787.7	;
728	1453.4	2184.8	;
729	1518.6	2189.1	;
730	1519.3	2191	;
731	1416.7	2195.3	;
732	1515.5	1708.8	;
733	1537.9	2238.2	;
734	1549.7	2262.4	;
735	1567.1	2289.1	;
736	1351.5	2277.3	;
737	1337.2	2215.2	;
738	493.99	2306.5	;
739	257.25	1726.2	;
740	396.44	2260.5	;
741	202.57	2163.6	;
742	674.81	2349.4	;
743	212.51	2098.4	;
744	259.11	1706.3	;
745	272.16	2417.1	;
746	614.54	1655.3	;
747	766.77	1683.3	;
748	766.77	1691.4	;
749	305.09	2098.4	;
750	630.07	1526.7	;
751	815.86	1882.8	;
752	845.07	1981.6	;
753	687.86	1933.1	;
754	786.04	1788.3	;
755	600.87	1772.2	;
756	918.39	1846.1	;
757	981.77	1821.2	;
758	1016.6	1807.6	;
759	1061.3	1803.8	;
760	1054.5	1785.2	;
761	1219.1	1809.4	;
762	1244.6	1645.4	;
763	1192.4	1800.7	;
764	1275.7	2970.8	;
765	1492.5	3021.1	;
766	1134.6	3384.6	;
767	1496.9	3446.8	;
768	1621.8	2798	;
769	1403.1	3431.8	;
770	1317.3	3417.5	;
771	110.6	2312.1	;
772	1631.7	2519.1	;
773	1646.6	2519.7	;
774	1601.9	2792.5	;
775	1628.6	2664.4	;
776	93.206	2639.6	;
777	193.25	2514.7	;
778	175.23	2353.1	;
779	494.61	2135.7	;
780	1201.1	944.49	;
781	802.81	1843.6	;
782	464.79	2173.6	;
783	1048.3	927.09	;
784	1290	1225.3	;
785	1060.7	1232.2	;
786	1293.1	1034	;
787	1038.9	1386.3	;
788	1229.7	1305.5	;
789	1045.2	1227.2	;
790	1093.6	1381.3	;
791	1195.5	953.19	;
792	1165.1	1275.7	;
793	1170	1424.2	;
794	1141.5	2210.2	;
795	1166.3	2212.1	;
796	1006.6	2191.6	;
797	1163.2	2218.3	;
798	1089.3	2356.9	;
799	1058.2	2418.4	;
800	1011	2148.1	;
801	930.2	2163.6	;
802	1682.1	3681	;
803	1690.8	3775.5	;
804	1695.1	3827	;
805	1685.8	3729.5	;
806	1681.4	3666.7	;
807	1270.1	1705.1	;
808	1486.9	1700.1	;
809	1317.9	1562.1	;
810	1524.2	1831.2	;
811	1448.4	1866	;
812	1536.7	1728	;
813	1662.8	1795.8	;
814	1605	1821.2	;
815	1621.2	1818.1	;
816	1763.5	1726.2	;
817	1195.5	2708.6	;
818	1252.1	2734.7	;
819	1581.4	2949	;
820	1080	2592.4	;
821	1112.9	2640.2	;
822	1278.8	2740.3	;
823	1143.3	2685	;
824	1596.3	2947.2	;
825	1401.8	2660.1	;
826	1509.9	2833.5	;
827	1307.4	2875.1	;
828	1208.6	2827.3	;
829	1349	2750.2	;
830	1021.5	2576.2	;
831	1101.1	2775.7	;
832	3717.1	2366.8	;
833	3706.5	2343.8	;
834	3382.1	2988.8	;
835	3757.4	2458.8	;
836	3687.2	2299.1	;
837	3698.4	2324.6	;
838	3676.7	2276.7	;
839	2832.2	1321.7	;
840	2874.5	1145.2	;
841	2850.9	1121.6	;
842	2867.6	1138.3	;
843	710.23	873.65	;
844	606.46	859.98	;
845	644.99	805.3	;
846	286.45	1495	;
847	731.36	709.61	;
848	718.31	809.03	;
849	704.01	933.3	;
850	577.88	917.77	;
851	187.03	727.01	;
852	321.25	1280.7	;
853	154.72	892.91	;
854	148.51	812.76	;
855	690.97	745.65	;
856	348.59	1195.5	;
857	319.39	1192.4	;
858	254.14	635.04	;
859	264.71	636.29	;
860	471	842.58	;
861	434.34	946.97	;
862	223.69	690.35	;
863	534.38	667.98	;
864	182.06	1164.5	;
865	216.86	684.75	;
866	159.07	932.68	;
867	161.56	1262.6	;
868	1240.3	3933.9	;
869	1294.3	3929.6	;
870	1188.1	3937.6	;
871	1816.3	3631.9	;
872	1811.3	3621.4	;
873	1781.5	3437.4	;
874	3500.8	2277.3	;
875	3467.3	2342	;
876	3541.2	2226.4	;
877	3331.8	2541.4	;
878	3256	2683.7	;
879	687.86	1050.7	;
880	564.83	1037.1	;
881	571.66	979.28	;
882	570.42	983.01	;
883	550.54	1161.4	;
884	544.32	1219.8	;
885	400.79	1290	;
886	474.11	1211.7	;
887	558.61	1099.2	;
888	1416.1	1094.9	;
889	1426.1	1084.9	;
890	1638.6	515.12	;
891	1322.9	1083.7	;
892	750	2092.8	;
893	792.87	2108.3	;
894	605.22	2337.6	;
895	561.1	2328.9	;
896	550.54	2325.8	;
897	776.1	2368.7	;
898	1632.3	1831.2	;
899	1576.4	1965.4	;
900	1531.1	1854.8	;
901	1578.3	1971.6	;
902	1760.4	1756.6	;
903	1542.9	2102.1	;
904	1567.7	2033.1	;
905	1713.1	1969.8	;
906	1613.7	1833.1	;
907	1775.9	1746.1	;
908	1740.5	2007.7	;
909	1746.1	2015.7	;
910	1547.2	1833.1	;
911	1698.8	1926.3	;
912	952.56	2757.7	;
913	968.1	2727.2	;
914	1010.4	2410.3	;
915	974.31	2714.2	;
916	855.01	2384.2	;
917	936.41	2402.8	;
918	2941.6	2499.8	;
919	2934.1	2506.6	;
920	2892.5	2538.3	;
921	2898.7	2468.7	;
922	2846.5	2572.5	;
923	2737.8	2274.2	;
924	2560.1	2217.1	;
925	2655.8	2236.9	;
926	2785.6	1855.4	;
927	2542	1793.9	;
928	2533.3	1807	;
929	163.42	1482	;
930	292.05	1452.2	;
931	159.69	1273.2	;
932	316.9	1298.1	;
933	162.18	1378.2	;
934	301.37	1400.6	;
935	397.68	1309.8	;
936	435.58	1421.1	;
937	2017	3824.5	;
938	3392.1	3093.8	;
939	2685.6	1644.8	;
940	2658.2	857.49	;
941	2620.3	1708.2	;
942	2234.5	1511.8	;
943	2361.8	1610	;
944	2356.3	1657.2	;
945	2360.6	1782.1	;
946	2200.9	1779.6	;
947	2232	1775.9	;
948	2323.9	1536.7	;
949	2346.3	1615	;
950	2377.4	1783.3	;
951	2099	1569	;
952	3379	1806.3	;
953	3318.8	1946.1	;
954	3407	1741.7	;
955	3348.6	1877.2	;
956	3432.5	1676.5	;
957	3899.1	750.62	;
958	969.96	3950.1	;
959	37.904	2709.8	;
960	134.84	812.13	;
961	2192.2	551.16	;
962	1707.5	1542.3	;
963	1700.1	1550.3	;
964	3125.5	2694.9	;
965	3594.6	560.48	;
966	4316.7	1162	;
967	4135.2	1646	;
968	2095.3	1018.4	;
969	2098.4	1026.5	;
970	2117.6	1061.9	;
971	3323.7	2114.5	;
972	766.15	1727.4	;
973	1402.4	2660.7	;
974	1473.3	1035.2	;
975	1005.4	3940.1	;
